date	+BTC	BTC	BTC quote	average BTC quote quote	BTC $	BTC %	TOTAL	gains	$ gains	deposits/withdrawals	invested	yields	gains, total	$ gains, total	ROI	APR
2026-03-31	0.00000	0.00098	$67,242.00	$83,656.00	$66.18	100.00%	$66.18	0.00000	-$0.54	$0.00	$100.00	$0.00	0.00000	-$33.82	-33.82%	-30.86%
2026-03-30	0.00000	0.00098	$67,790.00	$83,656.00	$66.72	100.00%	$66.72	0.00000	$1.19	$0.00	$100.00	$0.00	0.00000	-$33.28	-33.28%	-30.44%
2026-03-29	0.00000	0.00098	$66,585.00	$83,656.00	$65.54	100.00%	$65.54	0.00000	$0.19	$0.00	$100.00	$0.00	0.00000	-$34.46	-34.46%	-31.61%
2026-03-28	0.00000	0.00098	$66,397.00	$83,656.00	$65.35	100.00%	$65.35	0.00000	-$2.12	$0.00	$100.00	$0.00	0.00000	-$34.65	-34.65%	-31.86%
2026-03-27	0.00000	0.00098	$68,551.00	$83,656.00	$67.47	100.00%	$67.47	0.00000	-$1.53	$0.00	$100.00	$0.00	0.00000	-$32.53	-32.53%	-29.98%
2026-03-26	0.00000	0.00098	$70,102.00	$83,656.00	$69.00	100.00%	$69.00	0.00000	-$1.13	$0.00	$100.00	$0.00	0.00000	-$31.00	-31.00%	-28.65%
2026-03-25	0.00000	0.00098	$71,252.00	$83,656.00	$70.13	100.00%	$70.13	0.00000	$0.06	$0.00	$100.00	$0.00	0.00000	-$29.87	-29.87%	-27.67%
2026-03-24	0.00000	0.00098	$71,190.00	$83,656.00	$70.07	100.00%	$70.07	0.00000	$2.96	$0.00	$100.00	$0.00	0.00000	-$29.93	-29.93%	-27.80%
2026-03-23	0.00000	0.00098	$68,180.00	$83,656.00	$67.11	100.00%	$67.11	0.00000	-$0.45	$0.00	$100.00	$0.00	0.00000	-$32.89	-32.89%	-30.63%
2026-03-22	0.00000	0.00098	$68,640.00	$83,656.00	$67.56	100.00%	$67.56	0.00000	-$2.08	$0.00	$100.00	$0.00	0.00000	-$32.44	-32.44%	-30.28%
2026-03-21	0.00000	0.00098	$70,750.00	$83,656.00	$69.63	100.00%	$69.63	0.00000	$0.34	$0.00	$100.00	$0.00	0.00000	-$30.37	-30.37%	-28.42%
2026-03-20	0.00000	0.00098	$70,405.00	$83,656.00	$69.30	100.00%	$69.30	0.00000	$0.80	$0.00	$100.00	$0.00	0.00000	-$30.70	-30.70%	-28.81%
2026-03-19	0.00000	0.00098	$69,597.00	$83,656.00	$68.50	100.00%	$68.50	0.00000	-$2.85	$0.00	$100.00	$0.00	0.00000	-$31.50	-31.50%	-29.63%
2026-03-18	0.00000	0.00098	$72,490.00	$83,656.00	$71.35	100.00%	$71.35	0.00000	-$1.35	$0.00	$100.00	$0.00	0.00000	-$28.65	-28.65%	-27.02%
2026-03-17	0.00000	0.00098	$73,860.00	$83,656.00	$72.70	100.00%	$72.70	0.00000	$0.03	$0.00	$100.00	$0.00	0.00000	-$27.30	-27.30%	-25.82%
2026-03-16	0.00000	0.00098	$73,828.00	$83,656.00	$72.66	100.00%	$72.66	0.00000	$2.09	$0.00	$100.00	$0.00	0.00000	-$27.34	-27.34%	-25.92%
2026-03-15	0.00000	0.00098	$71,708.00	$83,656.00	$70.58	100.00%	$70.58	0.00000	$0.93	$0.00	$100.00	$0.00	0.00000	-$29.42	-29.42%	-27.97%
2026-03-14	0.00000	0.00098	$70,765.00	$83,656.00	$69.65	100.00%	$69.65	0.00000	-$0.65	$0.00	$100.00	$0.00	0.00000	-$30.35	-30.35%	-28.92%
2026-03-13	0.00000	0.00098	$71,427.00	$83,656.00	$70.30	100.00%	$70.30	0.00000	$1.05	$0.00	$100.00	$0.00	0.00000	-$29.70	-29.70%	-28.38%
2026-03-12	0.00000	0.00098	$70,364.00	$83,656.00	$69.26	100.00%	$69.26	0.00000	$1.15	$0.00	$100.00	$0.00	0.00000	-$30.74	-30.74%	-29.45%
2026-03-11	0.00000	0.00098	$69,197.00	$83,656.00	$68.11	100.00%	$68.11	0.00000	-$1.31	$0.00	$100.00	$0.00	0.00000	-$31.89	-31.89%	-30.63%
2026-03-10	0.00000	0.00098	$70,532.00	$83,656.00	$69.42	100.00%	$69.42	0.00000	$2.61	$0.00	$100.00	$0.00	0.00000	-$30.58	-30.58%	-29.45%
2026-03-09	0.00000	0.00098	$67,881.00	$83,656.00	$66.81	100.00%	$66.81	0.00000	$0.37	$0.00	$100.00	$0.00	0.00000	-$33.19	-33.19%	-32.05%
2026-03-08	0.00000	0.00098	$67,502.00	$83,656.00	$66.44	100.00%	$66.44	0.00000	-$0.52	$0.00	$100.00	$0.00	0.00000	-$33.56	-33.56%	-32.49%
2026-03-07	0.00000	0.00098	$68,030.00	$83,656.00	$66.96	100.00%	$66.96	0.00000	-$1.28	$0.00	$100.00	$0.00	0.00000	-$33.04	-33.04%	-32.08%
2026-03-06	0.00000	0.00098	$69,332.00	$83,656.00	$68.24	100.00%	$68.24	0.00000	-$2.97	$0.00	$100.00	$0.00	0.00000	-$31.76	-31.76%	-30.91%
2026-03-05	0.00000	0.00098	$72,347.00	$83,656.00	$71.21	100.00%	$71.21	0.00000	$0.95	$0.00	$100.00	$0.00	0.00000	-$28.79	-28.79%	-28.10%
2026-03-04	0.00000	0.00098	$71,385.00	$83,656.00	$70.26	100.00%	$70.26	0.00000	$3.14	$0.00	$100.00	$0.00	0.00000	-$29.74	-29.74%	-29.10%
2026-03-03	0.00000	0.00098	$68,191.00	$83,656.00	$67.12	100.00%	$67.12	0.00000	-$0.51	$0.00	$100.00	$0.00	0.00000	-$32.88	-32.88%	-32.26%
2026-03-02	0.00000	0.00098	$68,711.00	$83,656.00	$67.63	100.00%	$67.63	0.00000	$1.81	$0.00	$100.00	$0.00	0.00000	-$32.37	-32.37%	-31.85%
2026-03-01	0.00000	0.00098	$66,869.00	$83,656.00	$65.82	100.00%	$65.82	0.00000	$0.51	$0.00	$100.00	$0.00	0.00000	-$34.18	-34.18%	-33.72%
2026-02-28	0.00000	0.00098	$66,351.00	$83,656.00	$65.31	100.00%	$65.31	0.00000	$0.29	$0.00	$100.00	$0.00	0.00000	-$34.69	-34.69%	-34.32%
2026-02-27	0.00000	0.00098	$66,059.00	$83,656.00	$65.02	100.00%	$65.02	0.00000	-$1.80	$0.00	$100.00	$0.00	0.00000	-$34.98	-34.98%	-34.70%
2026-02-26	0.00000	0.00098	$67,891.00	$83,656.00	$66.82	100.00%	$66.82	0.00000	$1.61	$0.00	$100.00	$0.00	0.00000	-$33.18	-33.18%	-33.00%
2026-02-25	0.00000	0.00098	$66,260.00	$83,656.00	$65.22	100.00%	$65.22	0.00000	$2.11	$0.00	$100.00	$0.00	0.00000	-$34.78	-34.78%	-34.69%
2026-02-24	0.00000	0.00098	$64,119.00	$83,656.00	$63.11	100.00%	$63.11	0.00000	-$0.58	$0.00	$100.00	$0.00	0.00000	-$36.89	-36.89%	-36.89%
2026-02-23	0.00000	0.00098	$64,710.00	$83,656.00	$63.69	100.00%	$63.69	0.00000	-$2.62	$0.00	$100.00	$0.00	0.00000	-$36.31	-36.31%	-36.41%
2026-02-22	0.00000	0.00098	$67,367.00	$83,656.00	$66.31	100.00%	$66.31	0.00000	-$1.05	$0.00	$100.00	$0.00	0.00000	-$33.69	-33.69%	-33.88%
2026-02-21	0.00000	0.00098	$68,429.00	$83,656.00	$67.35	100.00%	$67.35	0.00000	$0.96	$0.00	$100.00	$0.00	0.00000	-$32.65	-32.65%	-32.92%
2026-02-20	0.00000	0.00098	$67,455.00	$83,656.00	$66.39	100.00%	$66.39	0.00000	$1.01	$0.00	$100.00	$0.00	0.00000	-$33.61	-33.61%	-33.98%
2026-02-19	0.00000	0.00098	$65,964.00	$83,656.00	$65.38	100.00%	$65.38	0.00000	$0.00	$0.00	$100.00	$0.00	0.00000	-$34.62	-34.62%	-35.10%
2026-02-18	0.00000	0.00098	$66,430.00	$83,656.00	$65.38	100.00%	$65.38	0.00000	-$0.57	$0.00	$100.00	$0.00	0.00000	-$34.62	-34.62%	-35.20%
2026-02-17	0.00000	0.00098	$67,005.00	$83,656.00	$65.95	100.00%	$65.95	0.00000	-$0.91	$0.00	$100.00	$0.00	0.00000	-$34.05	-34.05%	-34.72%
2026-02-16	0.00000	0.00098	$67,931.00	$83,656.00	$66.86	100.00%	$66.86	0.00000	-$1.00	$0.00	$100.00	$0.00	0.00000	-$33.14	-33.14%	-33.88%
2026-02-15	0.00000	0.00098	$68,943.00	$83,656.00	$67.86	100.00%	$67.86	0.00000	-$0.68	$0.00	$100.00	$0.00	0.00000	-$32.14	-32.14%	-32.96%
2026-02-14	0.00000	0.00098	$69,638.00	$83,656.00	$68.54	100.00%	$68.54	0.00000	$2.38	$0.00	$100.00	$0.00	0.00000	-$31.46	-31.46%	-32.35%
2026-02-13	0.00000	0.00098	$67,220.00	$83,656.00	$66.16	100.00%	$66.16	0.00000	$1.27	$0.00	$100.00	$0.00	0.00000	-$33.84	-33.84%	-34.89%
2026-02-12	0.00000	0.00098	$65,934.00	$83,656.00	$64.89	100.00%	$64.89	0.00000	-$1.14	$0.00	$100.00	$0.00	0.00000	-$35.11	-35.11%	-36.30%
2026-02-11	0.00000	0.00098	$67,093.00	$83,656.00	$66.04	100.00%	$66.04	0.00000	-$1.50	$0.00	$100.00	$0.00	0.00000	-$33.96	-33.96%	-35.22%
2026-02-10	0.00000	0.00098	$68,612.00	$83,656.00	$67.53	100.00%	$67.53	0.00000	-$0.06	$0.00	$100.00	$0.00	0.00000	-$32.47	-32.47%	-33.76%
2026-02-09	0.00000	0.00098	$68,669.00	$83,656.00	$67.59	100.00%	$67.59	0.00000	-$2.44	$0.00	$100.00	$0.00	0.00000	-$32.41	-32.41%	-33.80%
2026-02-08	0.00000	0.00098	$71,148.00	$83,656.00	$70.03	100.00%	$70.03	0.00000	$2.20	$0.00	$100.00	$0.00	0.00000	-$29.97	-29.97%	-31.35%
2026-02-07	0.00000	0.00098	$68,910.00	$83,656.00	$67.82	100.00%	$67.82	0.00000	$1.88	$0.00	$100.00	$0.00	0.00000	-$32.18	-32.18%	-33.75%
2026-02-06	0.00000	0.00098	$66,998.00	$83,656.00	$65.94	100.00%	$65.94	0.00000	$3.57	$0.00	$100.00	$0.00	0.00000	-$34.06	-34.06%	-35.82%
2026-02-05	0.00000	0.00098	$68,102.00	$83,656.00	$67.03	100.00%	$67.03	0.00000	-$7.79	$0.00	$100.00	$0.00	0.00000	-$32.97	-32.97%	-34.78%
2026-02-04	0.00000	0.00098	$76,014.00	$83,656.00	$74.82	100.00%	$74.82	0.00000	$1.29	$0.00	$100.00	$0.00	0.00000	-$25.18	-25.18%	-26.64%
2026-02-03	0.00000	0.00098	$74,704.00	$83,656.00	$73.53	100.00%	$73.53	0.00000	-$3.04	$0.00	$100.00	$0.00	0.00000	-$26.47	-26.47%	-28.09%
2026-02-02	0.00000	0.00098	$77,795.00	$83,656.00	$76.57	100.00%	$76.57	0.00000	$0.13	$0.00	$100.00	$0.00	0.00000	-$23.43	-23.43%	-24.93%
2026-02-01	0.00000	0.00098	$77,664.00	$83,656.00	$76.44	100.00%	$76.44	0.00000	-$4.95	$0.00	$100.00	$0.00	0.00000	-$23.56	-23.56%	-25.14%
2026-01-31	0.00000	0.00098	$82,697.00	$83,656.00	$81.39	100.00%	$81.39	0.00000	$0.24	$0.00	$100.00	$0.00	0.00000	-$18.61	-18.61%	-19.92%
2026-01-30	0.00000	0.00098	$82,452.00	$83,656.00	$81.15	100.00%	$81.15	0.00000	-$4.79	$0.00	$100.00	$0.00	0.00000	-$18.85	-18.85%	-20.23%
2026-01-29	0.00000	0.00098	$87,318.00	$83,656.00	$85.94	100.00%	$85.94	0.00000	-$1.77	$0.00	$100.00	$0.00	0.00000	-$14.06	-14.06%	-15.14%
2026-01-28	0.00000	0.00098	$89,116.00	$83,656.00	$87.71	100.00%	$87.71	0.00000	$1.01	$0.00	$100.00	$0.00	0.00000	-$12.29	-12.29%	-13.27%
2026-01-27	0.00000	0.00098	$88,094.00	$83,656.00	$86.71	100.00%	$86.71	0.00000	$0.13	$0.00	$100.00	$0.00	0.00000	-$13.29	-13.29%	-14.40%
2026-01-26	0.00000	0.00098	$87,963.00	$83,656.00	$86.58	100.00%	$86.58	0.00000	-$0.60	$0.00	$100.00	$0.00	0.00000	-$13.42	-13.42%	-14.58%
2026-01-25	0.00000	0.00098	$88,573.00	$83,656.00	$87.18	100.00%	$87.18	0.00000	-$0.81	$0.00	$100.00	$0.00	0.00000	-$12.82	-12.82%	-13.97%
2026-01-24	0.00000	0.00098	$89,391.00	$83,656.00	$87.98	100.00%	$87.98	0.00000	$0.06	$0.00	$100.00	$0.00	0.00000	-$12.02	-12.02%	-13.13%
2026-01-23	0.00000	0.00098	$89,332.00	$83,656.00	$87.92	100.00%	$87.92	0.00000	-$0.07	$0.00	$100.00	$0.00	0.00000	-$12.08	-12.08%	-13.24%
2026-01-22	0.00000	0.00098	$89,405.00	$83,656.00	$88.00	100.00%	$88.00	0.00000	$0.03	$0.00	$100.00	$0.00	0.00000	-$12.00	-12.00%	-13.20%
2026-01-21	0.00000	0.00098	$89,375.00	$83,656.00	$87.97	100.00%	$87.97	0.00000	$0.09	$0.00	$100.00	$0.00	0.00000	-$12.03	-12.03%	-13.27%
2026-01-20	0.00000	0.00098	$89,285.00	$83,656.00	$87.88	100.00%	$87.88	0.00000	-$3.47	$0.00	$100.00	$0.00	0.00000	-$12.12	-12.12%	-13.41%
2026-01-19	0.00000	0.00098	$92,806.00	$83,656.00	$91.34	100.00%	$91.34	0.00000	-$2.27	$0.00	$100.00	$0.00	0.00000	-$8.66	-8.66%	-9.60%
2026-01-18	0.00000	0.00098	$95,108.00	$83,656.00	$93.61	100.00%	$93.61	0.00000	-$0.14	$0.00	$100.00	$0.00	0.00000	-$6.39	-6.39%	-7.11%
2026-01-17	0.00000	0.00098	$95,255.00	$83,656.00	$93.75	100.00%	$93.75	0.00000	-$0.05	$0.00	$100.00	$0.00	0.00000	-$6.25	-6.25%	-6.97%
2026-01-16	0.00000	0.00098	$95,310.00	$83,656.00	$93.81	100.00%	$93.81	0.00000	-$1.53	$0.00	$100.00	$0.00	0.00000	-$6.19	-6.19%	-6.93%
2026-01-15	0.00000	0.00098	$96,868.00	$83,656.00	$95.34	100.00%	$95.34	0.00000	$1.80	$0.00	$100.00	$0.00	0.00000	-$4.66	-4.66%	-5.23%
2026-01-14	0.00000	0.00098	$95,037.00	$83,656.00	$93.54	100.00%	$93.54	0.00000	$3.07	$0.00	$100.00	$0.00	0.00000	-$6.46	-6.46%	-7.28%
2026-01-13	0.00000	0.00098	$91,914.00	$83,656.00	$90.47	100.00%	$90.47	0.00000	$1.18	$0.00	$100.00	$0.00	0.00000	-$9.53	-9.53%	-10.77%
2026-01-12	0.00000	0.00098	$90,711.00	$83,656.00	$89.28	100.00%	$89.28	0.00000	-$0.05	$0.00	$100.00	$0.00	0.00000	-$10.72	-10.72%	-12.15%
2026-01-11	0.00000	0.00098	$90,766.00	$83,656.00	$89.34	100.00%	$89.34	0.00000	$0.14	$0.00	$100.00	$0.00	0.00000	-$10.66	-10.66%	-12.13%
2026-01-10	0.00000	0.00098	$90,626.00	$83,656.00	$89.20	100.00%	$89.20	0.00000	$0.08	$0.00	$100.00	$0.00	0.00000	-$10.80	-10.80%	-12.32%
2026-01-09	0.00000	0.00098	$90,543.00	$83,656.00	$89.12	100.00%	$89.12	0.00000	$0.58	$0.00	$100.00	$0.00	0.00000	-$10.88	-10.88%	-12.45%
2026-01-08	0.00000	0.00098	$89,957.00	$83,656.00	$88.54	100.00%	$88.54	0.00000	-$0.99	$0.00	$100.00	$0.00	0.00000	-$11.46	-11.46%	-13.15%
2026-01-07	0.00000	0.00098	$90,961.00	$83,656.00	$89.53	100.00%	$89.53	0.00000	-$2.73	$0.00	$100.00	$0.00	0.00000	-$10.47	-10.47%	-12.06%
2026-01-06	0.00000	0.00098	$93,736.00	$83,656.00	$92.26	100.00%	$92.26	0.00000	-$0.16	$0.00	$100.00	$0.00	0.00000	-$7.74	-7.74%	-8.94%
2026-01-05	0.00000	0.00098	$93,894.00	$83,656.00	$92.41	100.00%	$92.41	0.00000	$2.67	$0.00	$100.00	$0.00	0.00000	-$7.59	-7.59%	-8.79%
2026-01-04	0.00000	0.00098	$91,185.00	$83,656.00	$89.75	100.00%	$89.75	0.00000	$1.24	$0.00	$100.00	$0.00	0.00000	-$10.25	-10.25%	-11.92%
2026-01-03	0.00000	0.00098	$89,927.00	$83,656.00	$88.51	100.00%	$88.51	0.00000	-$0.84	$0.00	$100.00	$0.00	0.00000	-$11.49	-11.49%	-13.40%
2026-01-02	0.00000	0.00098	$90,780.00	$83,656.00	$89.35	100.00%	$89.35	0.00000	$2.88	$0.00	$100.00	$0.00	0.00000	-$10.65	-10.65%	-12.46%
2026-01-01	0.00000	0.00098	$87,856.00	$83,656.00	$86.47	100.00%	$86.47	0.00000	-$0.80	$0.00	$100.00	$0.00	0.00000	-$13.53	-13.53%	-15.88%
2025-12-31	0.00000	0.00098	$88,666.00	$83,656.00	$87.27	100.00%	$87.27	0.00000	$0.67	$0.00	$100.00	$0.00	0.00000	-$12.73	-12.73%	-14.99%
2025-12-30	0.00000	0.00098	$87,987.00	$83,656.00	$86.60	100.00%	$86.60	0.00000	$0.67	$0.00	$100.00	$0.00	0.00000	-$13.40	-13.40%	-15.83%
2025-12-29	0.00000	0.00098	$87,308.00	$83,656.00	$85.93	100.00%	$85.93	0.00000	-$0.60	$0.00	$100.00	$0.00	0.00000	-$14.07	-14.07%	-16.67%
2025-12-28	0.00000	0.00098	$87,917.00	$83,656.00	$86.53	100.00%	$86.53	0.00000	$0.43	$0.00	$100.00	$0.00	0.00000	-$13.47	-13.47%	-16.01%
2025-12-27	0.00000	0.00098	$87,485.00	$83,656.00	$86.11	100.00%	$86.11	0.00000	-$1.20	$0.00	$100.00	$0.00	0.00000	-$13.89	-13.89%	-16.57%
2025-12-26	0.00000	0.00098	$88,700.00	$83,656.00	$87.30	100.00%	$87.30	0.00000	$1.24	$0.00	$100.00	$0.00	0.00000	-$12.70	-12.70%	-15.20%
2025-12-25	0.00000	0.00098	$87,436.00	$83,656.00	$86.06	100.00%	$86.06	0.00000	$0.33	$0.00	$100.00	$0.00	0.00000	-$13.94	-13.94%	-16.74%
2025-12-24	0.00000	0.00098	$87,100.00	$83,656.00	$85.73	100.00%	$85.73	0.00000	-$0.55	$0.00	$100.00	$0.00	0.00000	-$14.27	-14.27%	-17.19%
2025-12-23	0.00000	0.00098	$87,654.00	$83,656.00	$86.27	100.00%	$86.27	0.00000	-$2.25	$0.00	$100.00	$0.00	0.00000	-$13.73	-13.73%	-16.59%
2025-12-22	0.00000	0.00098	$89,935.00	$83,656.00	$88.52	100.00%	$88.52	0.00000	$1.68	$0.00	$100.00	$0.00	0.00000	-$11.48	-11.48%	-13.92%
2025-12-21	0.00000	0.00098	$88,227.00	$83,656.00	$86.84	100.00%	$86.84	0.00000	$0.02	$0.00	$100.00	$0.00	0.00000	-$13.16	-13.16%	-16.02%
2025-12-20	0.00000	0.00098	$88,207.00	$83,656.00	$86.82	100.00%	$86.82	0.00000	$0.28	$0.00	$100.00	$0.00	0.00000	-$13.18	-13.18%	-16.09%
2025-12-19	0.00000	0.00098	$87,922.00	$83,656.00	$86.54	100.00%	$86.54	0.00000	-$0.44	$0.00	$100.00	$0.00	0.00000	-$13.46	-13.46%	-16.49%
2025-12-18	0.00000	0.00098	$88,368.00	$83,656.00	$86.98	100.00%	$86.98	0.00000	$0.56	$0.00	$100.00	$0.00	0.00000	-$13.02	-13.02%	-16.01%
2025-12-17	0.00000	0.00098	$87,798.00	$83,656.00	$86.41	100.00%	$86.41	0.00000	$0.73	$0.00	$100.00	$0.00	0.00000	-$13.59	-13.59%	-16.75%
2025-12-16	0.00000	0.00098	$87,055.00	$83,656.00	$85.68	100.00%	$85.68	0.00000	-$2.37	$0.00	$100.00	$0.00	0.00000	-$14.32	-14.32%	-17.71%
2025-12-15	0.00000	0.00098	$89,466.00	$83,656.00	$88.06	100.00%	$88.06	0.00000	$0.01	$0.00	$100.00	$0.00	0.00000	-$11.94	-11.94%	-14.83%
2025-12-14	0.00000	0.00098	$89,458.00	$83,656.00	$88.05	100.00%	$88.05	0.00000	-$0.63	$0.00	$100.00	$0.00	0.00000	-$11.95	-11.95%	-14.89%
2025-12-13	0.00000	0.00098	$90,100.00	$83,656.00	$88.68	100.00%	$88.68	0.00000	-$2.05	$0.00	$100.00	$0.00	0.00000	-$11.32	-11.32%	-14.15%
2025-12-12	0.00000	0.00098	$92,186.00	$83,656.00	$90.73	100.00%	$90.73	0.00000	$1.92	$0.00	$100.00	$0.00	0.00000	-$9.27	-9.27%	-11.62%
2025-12-11	0.00000	0.00098	$90,232.00	$83,656.00	$88.81	100.00%	$88.81	0.00000	-$1.65	$0.00	$100.00	$0.00	0.00000	-$11.19	-11.19%	-14.08%
2025-12-10	0.00000	0.00098	$91,905.00	$83,656.00	$90.46	100.00%	$90.46	0.00000	$1.48	$0.00	$100.00	$0.00	0.00000	-$9.54	-9.54%	-12.05%
2025-12-09	0.00000	0.00098	$90,399.00	$83,656.00	$88.97	100.00%	$88.97	0.00000	-$1.61	$0.00	$100.00	$0.00	0.00000	-$11.03	-11.03%	-13.97%
2025-12-08	0.00000	0.00098	$92,031.00	$83,656.00	$90.58	100.00%	$90.58	0.00000	$2.64	$0.00	$100.00	$0.00	0.00000	-$9.42	-9.42%	-11.98%
2025-12-07	0.00000	0.00098	$89,351.00	$83,656.00	$87.94	100.00%	$87.94	0.00000	-$0.26	$0.00	$100.00	$0.00	0.00000	-$12.06	-12.06%	-15.39%
2025-12-06	0.00000	0.00098	$89,617.00	$83,656.00	$88.20	100.00%	$88.20	0.00000	$0.78	$0.00	$100.00	$0.00	0.00000	-$11.80	-11.80%	-15.11%
2025-12-05	0.00000	0.00098	$88,827.00	$83,656.00	$87.43	100.00%	$87.43	0.00000	-$3.95	$0.00	$100.00	$0.00	0.00000	-$12.57	-12.57%	-16.16%
2025-12-04	0.00000	0.00098	$92,841.00	$83,656.00	$91.38	100.00%	$91.38	0.00000	$0.47	$0.00	$100.00	$0.00	0.00000	-$8.62	-8.62%	-11.12%
2025-12-03	0.00000	0.00098	$92,365.00	$83,656.00	$90.91	100.00%	$90.91	0.00000	$4.22	$0.00	$100.00	$0.00	0.00000	-$9.09	-9.09%	-11.77%
2025-12-02	0.00000	0.00098	$88,073.00	$83,656.00	$86.68	100.00%	$86.68	0.00000	$2.00	$0.00	$100.00	$0.00	0.00000	-$13.32	-13.32%	-17.30%
2025-12-01	0.00000	0.00098	$86,040.00	$83,656.00	$84.68	100.00%	$84.68	0.00000	-$5.33	$0.00	$100.00	$0.00	0.00000	-$15.32	-15.32%	-19.97%
2025-11-30	0.00000	0.00098	$91,459.00	$83,656.00	$90.02	100.00%	$90.02	0.00000	$0.72	$0.00	$100.00	$0.00	0.00000	-$9.98	-9.98%	-13.06%
2025-11-29	0.00000	0.00098	$90,725.00	$83,656.00	$89.30	100.00%	$89.30	0.00000	-$0.79	$0.00	$100.00	$0.00	0.00000	-$10.70	-10.70%	-14.05%
2025-11-28	0.00000	0.00098	$91,525.00	$83,656.00	$90.08	100.00%	$90.08	0.00000	$0.58	$0.00	$100.00	$0.00	0.00000	-$9.92	-9.92%	-13.07%
2025-11-27	0.00000	0.00098	$90,932.00	$83,656.00	$89.50	100.00%	$89.50	0.00000	$4.21	$0.00	$100.00	$0.00	0.00000	-$10.50	-10.50%	-13.89%
2025-11-26	0.00000	0.00098	$86,651.00	$83,656.00	$85.29	100.00%	$85.29	0.00000	-$0.90	$0.00	$100.00	$0.00	0.00000	-$14.71	-14.71%	-19.53%
2025-11-25	0.00000	0.00098	$87,566.00	$83,656.00	$86.19	100.00%	$86.19	0.00000	$1.51	$0.00	$100.00	$0.00	0.00000	-$13.81	-13.81%	-18.40%
2025-11-24	0.00000	0.00098	$86,029.00	$83,656.00	$84.67	100.00%	$84.67	0.00000	-$0.49	$0.00	$100.00	$0.00	0.00000	-$15.33	-15.33%	-20.49%
2025-11-23	0.00000	0.00098	$86,526.00	$83,656.00	$85.16	100.00%	$85.16	0.00000	$2.80	$0.00	$100.00	$0.00	0.00000	-$14.84	-14.84%	-19.91%
2025-11-22	0.00000	0.00098	$83,685.00	$83,656.00	$82.37	100.00%	$82.37	0.00000	$0.16	$0.00	$100.00	$0.00	0.00000	-$17.63	-17.63%	-23.75%
2025-11-21	0.00000	0.00098	$83,520.00	$83,656.00	$82.20	100.00%	$82.20	0.00000	-$8.17	$0.00	$100.00	$0.00	0.00000	-$17.80	-17.80%	-24.06%
2025-11-20	0.00000	0.00098	$91,818.00	$83,656.00	$90.37	100.00%	$90.37	0.00000	$0.31	$0.00	$100.00	$0.00	0.00000	-$9.63	-9.63%	-13.07%
2025-11-19	0.00000	0.00098	$91,500.00	$83,656.00	$90.06	100.00%	$90.06	0.00000	-$0.05	$0.00	$100.00	$0.00	0.00000	-$9.94	-9.94%	-13.54%
2025-11-18	0.00000	0.00098	$91,551.00	$83,656.00	$90.11	100.00%	$90.11	0.00000	-$1.37	$0.00	$100.00	$0.00	0.00000	-$9.89	-9.89%	-13.52%
2025-11-17	0.00000	0.00098	$92,947.00	$83,656.00	$91.48	100.00%	$91.48	0.00000	-$2.37	$0.00	$100.00	$0.00	0.00000	-$8.52	-8.52%	-11.69%
2025-11-16	0.00000	0.00098	$95,359.00	$83,656.00	$93.86	100.00%	$93.86	0.00000	-$0.68	$0.00	$100.00	$0.00	0.00000	-$6.14	-6.14%	-8.46%
2025-11-15	0.00000	0.00098	$96,054.00	$83,656.00	$94.54	100.00%	$94.54	0.00000	$1.32	$0.00	$100.00	$0.00	0.00000	-$5.46	-5.46%	-7.55%
2025-11-14	0.00000	0.00098	$94,711.00	$83,656.00	$93.22	100.00%	$93.22	0.00000	-$8.28	$0.00	$100.00	$0.00	0.00000	-$6.78	-6.78%	-9.41%
2025-11-13	0.00000	0.00098	$103,127.00	$83,656.00	$101.50	100.00%	$101.50	0.00000	-$1.87	$0.00	$100.00	$0.00	0.00000	$1.50	1.50%	2.09%
2025-11-12	0.00000	0.00098	$105,023.00	$83,656.00	$103.37	100.00%	$103.37	0.00000	$1.62	$0.00	$100.00	$0.00	0.00000	$3.37	3.37%	4.71%
2025-11-11	0.00000	0.00098	$103,379.00	$83,656.00	$101.75	100.00%	$101.75	0.00000	-$2.67	$0.00	$100.00	$0.00	0.00000	$1.75	1.75%	2.46%
2025-11-10	0.00000	0.00098	$106,088.00	$83,656.00	$104.42	100.00%	$104.42	0.00000	$2.52	$0.00	$100.00	$0.00	0.00000	$4.42	4.42%	6.22%
2025-11-09	0.00000	0.00098	$103,530.00	$83,656.00	$101.90	100.00%	$101.90	0.00000	$1.77	$0.00	$100.00	$0.00	0.00000	$1.90	1.90%	2.69%
2025-11-08	0.00000	0.00098	$101,735.00	$83,656.00	$100.13	100.00%	$100.13	0.00000	-$1.40	$0.00	$100.00	$0.00	0.00000	$0.13	0.13%	0.19%
2025-11-07	0.00000	0.00098	$103,156.00	$83,656.00	$101.53	100.00%	$101.53	0.00000	$0.15	$0.00	$100.00	$0.00	0.00000	$1.53	1.53%	2.18%
2025-11-06	0.00000	0.00098	$103,008.00	$83,656.00	$101.38	100.00%	$101.38	0.00000	$0.37	$0.00	$100.00	$0.00	0.00000	$1.38	1.38%	1.98%
2025-11-05	0.00000	0.00098	$102,636.00	$83,656.00	$101.02	100.00%	$101.02	0.00000	-$0.07	$0.00	$100.00	$0.00	0.00000	$1.02	1.02%	1.46%
2025-11-04	0.00000	0.00098	$102,710.00	$83,656.00	$101.09	100.00%	$101.09	0.00000	-$5.07	$0.00	$100.00	$0.00	0.00000	$1.09	1.09%	1.57%
2025-11-03	0.00000	0.00098	$107,858.00	$83,656.00	$106.16	100.00%	$106.16	0.00000	-$2.41	$0.00	$100.00	$0.00	0.00000	$6.16	6.16%	8.92%
2025-11-02	0.00000	0.00098	$110,308.00	$83,656.00	$108.57	100.00%	$108.57	0.00000	$0.29	$0.00	$100.00	$0.00	0.00000	$8.57	8.57%	12.46%
2025-11-01	0.00000	0.00098	$110,015.00	$83,656.00	$108.28	100.00%	$108.28	0.00000	$0.03	$0.00	$100.00	$0.00	0.00000	$8.28	8.28%	12.09%
2025-10-31	0.00000	0.00098	$109,984.00	$83,656.00	$108.25	100.00%	$108.25	0.00000	$1.63	$0.00	$100.00	$0.00	0.00000	$8.25	8.25%	12.09%
2025-10-30	0.00000	0.00098	$108,332.00	$83,656.00	$106.62	100.00%	$106.62	0.00000	-$3.74	$0.00	$100.00	$0.00	0.00000	$6.62	6.62%	9.75%
2025-10-29	0.00000	0.00098	$112,127.00	$83,656.00	$110.36	100.00%	$110.36	0.00000	-$2.07	$0.00	$100.00	$0.00	0.00000	$10.36	10.36%	15.31%
2025-10-28	0.00000	0.00098	$114,227.00	$83,656.00	$112.43	100.00%	$112.43	0.00000	-$0.68	$0.00	$100.00	$0.00	0.00000	$12.43	12.43%	18.44%
2025-10-27	0.00000	0.00098	$114,920.00	$83,656.00	$113.11	100.00%	$113.11	0.00000	$1.50	$0.00	$100.00	$0.00	0.00000	$13.11	13.11%	19.53%
2025-10-26	0.00000	0.00098	$113,391.00	$83,656.00	$111.60	100.00%	$111.60	0.00000	$1.65	$0.00	$100.00	$0.00	0.00000	$11.60	11.60%	17.36%
2025-10-25	0.00000	0.00098	$111,713.00	$83,656.00	$109.95	100.00%	$109.95	0.00000	$0.07	$0.00	$100.00	$0.00	0.00000	$9.95	9.95%	14.95%
2025-10-24	0.00000	0.00098	$111,641.00	$83,656.00	$109.88	100.00%	$109.88	0.00000	$1.84	$0.00	$100.00	$0.00	0.00000	$9.88	9.88%	14.90%
2025-10-23	0.00000	0.00098	$109,773.50	$83,656.00	$108.04	100.00%	$108.04	0.00000	$1.84	$0.00	$100.00	$0.00	0.00000	$8.04	8.04%	12.18%
2025-10-22	0.00000	0.00098	$107,906.00	$83,656.00	$106.21	100.00%	$106.21	0.00000	-$0.64	$0.00	$100.00	$0.00	0.00000	$6.21	6.21%	9.44%
2025-10-21	0.00000	0.00098	$108,555.00	$83,656.00	$106.84	100.00%	$106.84	0.00000	-$2.07	$0.00	$100.00	$0.00	0.00000	$6.84	6.84%	10.45%
2025-10-20	0.00000	0.00098	$110,660.00	$83,656.00	$108.92	100.00%	$108.92	0.00000	$2.22	$0.00	$100.00	$0.00	0.00000	$8.92	8.92%	13.67%
2025-10-19	0.00000	0.00098	$108,406.00	$83,656.00	$106.70	100.00%	$106.70	0.00000	$1.39	$0.00	$100.00	$0.00	0.00000	$6.70	6.70%	10.31%
2025-10-18	0.00000	0.00098	$106,995.00	$83,656.00	$105.31	100.00%	$105.31	0.00000	$1.01	$0.00	$100.00	$0.00	0.00000	$5.31	5.31%	8.21%
2025-10-17	0.00000	0.00098	$105,968.00	$83,656.00	$104.30	100.00%	$104.30	0.00000	-$5.62	$0.00	$100.00	$0.00	0.00000	$4.30	4.30%	6.68%
2025-10-16	0.00000	0.00098	$111,680.00	$83,656.00	$109.92	100.00%	$109.92	0.00000	$0.09	$0.00	$100.00	$0.00	0.00000	$9.92	9.92%	15.47%
2025-10-15	0.00000	0.00098	$111,593.00	$83,656.00	$109.83	100.00%	$109.83	0.00000	$0.50	$0.00	$100.00	$0.00	0.00000	$9.83	9.83%	15.41%
2025-10-14	0.00000	0.00098	$111,080.00	$83,656.00	$109.33	100.00%	$109.33	0.00000	-$3.43	$0.00	$100.00	$0.00	0.00000	$9.33	9.33%	14.68%
2025-10-13	0.00000	0.00098	$114,561.00	$83,656.00	$112.76	100.00%	$112.76	0.00000	$2.62	$0.00	$100.00	$0.00	0.00000	$12.76	12.76%	20.15%
2025-10-12	0.00000	0.00098	$111,896.00	$83,656.00	$110.13	100.00%	$110.13	0.00000	-$0.40	$0.00	$100.00	$0.00	0.00000	$10.13	10.13%	16.08%
2025-10-11	0.00000	0.00098	$112,303.00	$83,656.00	$110.53	100.00%	$110.53	0.00000	-$9.54	$0.00	$100.00	$0.00	0.00000	$10.53	10.53%	16.79%
2025-10-10	0.00000	0.00098	$121,999.00	$83,656.00	$120.08	100.00%	$120.08	0.00000	-$1.05	$0.00	$100.00	$0.00	0.00000	$20.08	20.08%	32.14%
2025-10-09	0.00000	0.00098	$123,063.00	$83,656.00	$121.12	100.00%	$121.12	0.00000	$0.36	$0.00	$100.00	$0.00	0.00000	$21.12	21.12%	33.97%
2025-10-08	0.00000	0.00098	$122,701.00	$83,656.00	$120.77	100.00%	$120.77	0.00000	-$1.81	$0.00	$100.00	$0.00	0.00000	$20.77	20.77%	33.54%
2025-10-07	0.00000	0.00098	$124,544.00	$83,656.00	$122.58	100.00%	$122.58	0.00000	$0.06	$0.00	$100.00	$0.00	0.00000	$22.58	22.58%	36.63%
2025-10-06	0.00000	0.00098	$124,480.00	$83,656.00	$122.52	100.00%	$122.52	0.00000	$1.20	$0.00	$100.00	$0.00	0.00000	$22.52	22.52%	36.69%
2025-10-05	0.00000	0.00098	$123,261.00	$83,656.00	$121.32	100.00%	$121.32	0.00000	$0.85	$0.00	$100.00	$0.00	0.00000	$21.32	21.32%	34.89%
2025-10-04	0.00000	0.00098	$122,395.00	$83,656.00	$120.47	100.00%	$120.47	0.00000	$2.02	$0.00	$100.00	$0.00	0.00000	$20.47	20.47%	33.65%
2025-10-03	0.00000	0.00098	$120,343.00	$83,656.00	$118.45	100.00%	$118.45	0.00000	$1.01	$0.00	$100.00	$0.00	0.00000	$18.45	18.45%	30.47%
2025-10-02	0.00000	0.00098	$119,321.00	$83,656.00	$117.44	100.00%	$117.44	0.00000	$2.50	$0.00	$100.00	$0.00	0.00000	$17.44	17.44%	28.94%
2025-10-01	0.00000	0.00098	$116,780.00	$83,656.00	$114.94	100.00%	$114.94	0.00000	$3.67	$0.00	$100.00	$0.00	0.00000	$14.94	14.94%	24.90%
2025-09-30	0.00000	0.00098	$113,056.00	$83,656.00	$111.27	100.00%	$111.27	0.00000	-$0.90	$0.00	$100.00	$0.00	0.00000	$11.27	11.27%	18.88%
2025-09-29	0.00000	0.00098	$113,973.00	$83,656.00	$112.18	100.00%	$112.18	0.00000	$3.74	$0.00	$100.00	$0.00	0.00000	$12.18	12.18%	20.48%
2025-09-28	0.00000	0.00098	$110,174.00	$83,656.00	$108.44	100.00%	$108.44	0.00000	$0.78	$0.00	$100.00	$0.00	0.00000	$8.44	8.44%	14.26%
2025-09-27	0.00000	0.00098	$109,383.00	$83,656.00	$107.66	100.00%	$107.66	0.00000	-$0.13	$0.00	$100.00	$0.00	0.00000	$7.66	7.66%	13.00%
2025-09-26	0.00000	0.00098	$109,513.00	$83,656.00	$107.79	100.00%	$107.79	0.00000	-$2.10	$0.00	$100.00	$0.00	0.00000	$7.79	7.79%	13.28%
2025-09-25	0.00000	0.00098	$111,645.00	$83,656.00	$109.89	100.00%	$109.89	0.00000	-$1.40	$0.00	$100.00	$0.00	0.00000	$9.89	9.89%	16.94%
2025-09-24	0.00000	0.00098	$113,072.00	$83,656.00	$111.29	100.00%	$111.29	0.00000	$0.33	$0.00	$100.00	$0.00	0.00000	$11.29	11.29%	19.44%
2025-09-23	0.00000	0.00098	$112,737.00	$83,656.00	$110.96	100.00%	$110.96	0.00000	$0.04	$0.00	$100.00	$0.00	0.00000	$10.96	10.96%	18.96%
2025-09-22	0.00000	0.00098	$112,699.00	$83,656.00	$110.92	100.00%	$110.92	0.00000	-$3.01	$0.00	$100.00	$0.00	0.00000	$10.92	10.92%	18.98%
2025-09-21	0.00000	0.00098	$115,755.00	$83,656.00	$113.93	100.00%	$113.93	0.00000	-$0.31	$0.00	$100.00	$0.00	0.00000	$13.93	13.93%	24.33%
2025-09-20	0.00000	0.00098	$116,074.00	$83,656.00	$114.24	100.00%	$114.24	0.00000	-$0.33	$0.00	$100.00	$0.00	0.00000	$14.24	14.24%	25.00%
2025-09-19	0.00000	0.00098	$116,405.00	$83,656.00	$114.57	100.00%	$114.57	0.00000	-$0.98	$0.00	$100.00	$0.00	0.00000	$14.57	14.57%	25.69%
2025-09-18	0.00000	0.00098	$117,399.00	$83,656.00	$115.55	100.00%	$115.55	0.00000	$1.15	$0.00	$100.00	$0.00	0.00000	$15.55	15.55%	27.55%
2025-09-17	0.00000	0.00098	$116,227.00	$83,656.00	$114.40	100.00%	$114.40	0.00000	$0.78	$0.00	$100.00	$0.00	0.00000	$14.40	14.40%	25.63%
2025-09-16	0.00000	0.00098	$115,436.00	$83,656.00	$113.62	100.00%	$113.62	0.00000	$0.60	$0.00	$100.00	$0.00	0.00000	$13.62	13.62%	24.36%
2025-09-15	0.00000	0.00098	$114,827.00	$83,656.00	$113.02	100.00%	$113.02	0.00000	-$1.02	$0.00	$100.00	$0.00	0.00000	$13.02	13.02%	23.41%
2025-09-14	0.00000	0.00098	$115,863.00	$83,656.00	$114.04	100.00%	$114.04	0.00000	-$0.18	$0.00	$100.00	$0.00	0.00000	$14.04	14.04%	25.36%
2025-09-13	0.00000	0.00098	$116,048.00	$83,656.00	$114.22	100.00%	$114.22	0.00000	$0.81	$0.00	$100.00	$0.00	0.00000	$14.22	14.22%	25.82%
2025-09-12	0.00000	0.00098	$115,222.00	$83,656.00	$113.41	100.00%	$113.41	0.00000	$1.26	$0.00	$100.00	$0.00	0.00000	$13.41	13.41%	24.47%
2025-09-11	0.00000	0.00098	$113,937.00	$83,656.00	$112.14	100.00%	$112.14	0.00000	$0.73	$0.00	$100.00	$0.00	0.00000	$12.14	12.14%	22.27%
2025-09-10	0.00000	0.00098	$113,194.00	$83,656.00	$111.41	100.00%	$111.41	0.00000	$0.43	$0.00	$100.00	$0.00	0.00000	$11.41	11.41%	21.03%
2025-09-09	0.00000	0.00098	$112,755.00	$83,656.00	$110.98	100.00%	$110.98	0.00000	$0.81	$0.00	$100.00	$0.00	0.00000	$10.98	10.98%	20.34%
2025-09-08	0.00000	0.00098	$111,936.00	$83,656.00	$110.17	100.00%	$110.17	0.00000	$0.64	$0.00	$100.00	$0.00	0.00000	$10.17	10.17%	18.94%
2025-09-07	0.00000	0.00098	$111,286.00	$83,656.00	$109.53	100.00%	$109.53	0.00000	$0.43	$0.00	$100.00	$0.00	0.00000	$9.53	9.53%	17.84%
2025-09-06	0.00000	0.00098	$110,848.00	$83,656.00	$109.10	100.00%	$109.10	0.00000	-$1.63	$0.00	$100.00	$0.00	0.00000	$9.10	9.10%	17.12%
2025-09-05	0.00000	0.00098	$112,508.00	$83,656.00	$110.73	100.00%	$110.73	0.00000	$1.63	$0.00	$100.00	$0.00	0.00000	$10.73	10.73%	20.30%
2025-09-04	0.00000	0.00098	$110,847.00	$83,656.00	$109.10	100.00%	$109.10	0.00000	-$0.53	$0.00	$100.00	$0.00	0.00000	$9.10	9.10%	17.30%
2025-09-03	0.00000	0.00098	$111,384.00	$83,656.00	$109.63	100.00%	$109.63	0.00000	$2.06	$0.00	$100.00	$0.00	0.00000	$9.63	9.63%	18.40%
2025-09-02	0.00000	0.00098	$109,292.00	$83,656.00	$107.57	100.00%	$107.57	0.00000	$0.51	$0.00	$100.00	$0.00	0.00000	$7.57	7.57%	14.54%
2025-09-01	0.00000	0.00098	$108,776.00	$83,656.00	$107.06	100.00%	$107.06	0.00000	$0.41	$0.00	$100.00	$0.00	0.00000	$7.06	7.06%	13.64%
2025-08-31	0.00000	0.00098	$108,355.00	$83,656.00	$106.65	100.00%	$106.65	0.00000	-$0.17	$0.00	$100.00	$0.00	0.00000	$6.65	6.65%	12.91%
2025-08-30	0.00000	0.00098	$108,526.00	$83,656.00	$106.82	100.00%	$106.82	0.00000	-$0.09	$0.00	$100.00	$0.00	0.00000	$6.82	6.82%	13.30%
2025-08-29	0.00000	0.00098	$108,620.00	$83,656.00	$106.91	100.00%	$106.91	0.00000	-$4.23	$0.00	$100.00	$0.00	0.00000	$6.91	6.91%	13.56%
2025-08-28	0.00000	0.00098	$112,914.00	$83,656.00	$111.13	100.00%	$111.13	0.00000	$0.97	$0.00	$100.00	$0.00	0.00000	$11.13	11.13%	21.97%
2025-08-27	0.00000	0.00098	$111,933.00	$83,656.00	$110.17	100.00%	$110.17	0.00000	$2.25	$0.00	$100.00	$0.00	0.00000	$10.17	10.17%	20.17%
2025-08-26	0.00000	0.00098	$109,645.00	$83,656.00	$107.92	100.00%	$107.92	0.00000	-$1.72	$0.00	$100.00	$0.00	0.00000	$7.92	7.92%	15.79%
2025-08-25	0.00000	0.00098	$111,395.00	$83,656.00	$109.64	100.00%	$109.64	0.00000	-$3.25	$0.00	$100.00	$0.00	0.00000	$9.64	9.64%	19.33%
2025-08-24	0.00000	0.00098	$114,701.00	$83,656.00	$112.89	100.00%	$112.89	0.00000	-$0.47	$0.00	$100.00	$0.00	0.00000	$12.89	12.89%	26.00%
2025-08-23	0.00000	0.00098	$115,180.00	$83,656.00	$113.36	100.00%	$113.36	0.00000	$3.36	$0.00	$100.00	$0.00	0.00000	$13.36	13.36%	27.10%
2025-08-22	-0.00001	0.00098	$111,769.00	$83,656.00	$110.01	100.00%	$110.01	-0.00001	-$2.38	$0.00	$100.00	$0.00	0.00000	$10.01	10.01%	20.41%
2025-08-21	0.00000	0.00099	$113,153.00	$83,656.00	$112.38	100.00%	$112.38	0.00000	-$0.69	$0.00	$100.00	$0.00	0.00000	$12.38	12.38%	25.39%
2025-08-20	0.00000	0.00099	$113,847.00	$83,656.00	$113.07	100.00%	$113.07	0.00000	-$0.71	$0.00	$100.00	$0.00	0.00000	$13.07	13.07%	26.96%
2025-08-19	0.00000	0.00099	$114,561.00	$83,656.00	$113.78	100.00%	$113.78	0.00000	-$0.67	$0.00	$100.00	$0.00	0.00000	$13.78	13.78%	28.58%
2025-08-18	0.00000	0.00099	$115,240.00	$83,656.00	$114.46	100.00%	$114.46	0.00000	-$3.05	$0.00	$100.00	$0.00	0.00000	$14.46	14.46%	30.15%
2025-08-17	0.00000	0.00099	$118,311.00	$83,656.00	$117.51	100.00%	$117.51	0.00000	$0.85	$0.00	$100.00	$0.00	0.00000	$17.51	17.51%	36.72%
2025-08-16	0.00000	0.00099	$117,453.00	$83,656.00	$116.65	100.00%	$116.65	0.00000	-$1.31	$0.00	$100.00	$0.00	0.00000	$16.65	16.65%	35.14%
2025-08-15	0.00000	0.00099	$118,774.00	$83,656.00	$117.97	100.00%	$117.97	0.00000	-$2.19	$0.00	$100.00	$0.00	0.00000	$17.97	17.97%	38.13%
2025-08-14	0.00000	0.00099	$120,983.00	$83,656.00	$120.16	100.00%	$120.16	0.00000	$0.60	$0.00	$100.00	$0.00	0.00000	$20.16	20.16%	43.03%
2025-08-13	0.00000	0.00099	$120,380.00	$83,656.00	$119.56	100.00%	$119.56	0.00000	$1.49	$0.00	$100.00	$0.00	0.00000	$19.56	19.56%	42.00%
2025-08-12	0.00000	0.00099	$118,881.00	$83,656.00	$118.07	100.00%	$118.07	0.00000	-$1.00	$0.00	$100.00	$0.00	0.00000	$18.07	18.07%	39.03%
2025-08-11	0.00000	0.00099	$119,887.00	$83,656.00	$119.07	100.00%	$119.07	0.00000	$1.51	$0.00	$100.00	$0.00	0.00000	$19.07	19.07%	41.44%
2025-08-10	0.00000	0.00099	$118,367.00	$83,656.00	$117.56	100.00%	$117.56	0.00000	$1.61	$0.00	$100.00	$0.00	0.00000	$17.56	17.56%	38.38%
2025-08-09	0.00000	0.00099	$116,746.00	$83,656.00	$115.95	100.00%	$115.95	0.00000	$0.20	$0.00	$100.00	$0.00	0.00000	$15.95	15.95%	35.08%
2025-08-08	0.00000	0.00099	$116,549.00	$83,656.00	$115.76	100.00%	$115.76	0.00000	$0.16	$0.00	$100.00	$0.00	0.00000	$15.76	15.76%	34.86%
2025-08-07	0.00000	0.00099	$116,384.00	$83,656.00	$115.59	100.00%	$115.59	0.00000	$2.48	$0.00	$100.00	$0.00	0.00000	$15.59	15.59%	34.70%
2025-08-06	0.00000	0.00099	$113,883.00	$83,656.00	$113.11	100.00%	$113.11	0.00000	$0.77	$0.00	$100.00	$0.00	0.00000	$13.11	13.11%	29.35%
2025-08-05	0.00000	0.00099	$113,107.00	$83,656.00	$112.34	100.00%	$112.34	0.00000	-$1.38	$0.00	$100.00	$0.00	0.00000	$12.34	12.34%	27.80%
2025-08-04	0.00000	0.00099	$114,501.00	$83,656.00	$113.72	100.00%	$113.72	0.00000	$0.67	$0.00	$100.00	$0.00	0.00000	$13.72	13.72%	31.11%
2025-08-03	0.00000	0.00099	$113,828.00	$83,656.00	$113.05	100.00%	$113.05	0.00000	$0.08	$0.00	$100.00	$0.00	0.00000	$13.05	13.05%	29.78%
2025-08-02	0.00000	0.00099	$113,750.00	$83,656.00	$112.98	100.00%	$112.98	0.00000	-$2.02	$0.00	$100.00	$0.00	0.00000	$12.98	12.98%	29.79%
2025-08-01	0.00000	0.00099	$115,780.00	$83,656.00	$114.99	100.00%	$114.99	0.00000	-$2.20	$0.00	$100.00	$0.00	0.00000	$14.99	14.99%	34.64%
2025-07-31	0.00000	0.00099	$117,991.00	$83,656.00	$117.19	100.00%	$117.19	0.00000	$0.36	$0.00	$100.00	$0.00	0.00000	$17.19	17.19%	39.96%
2025-07-30	0.00000	0.00099	$117,633.00	$83,656.00	$116.83	100.00%	$116.83	0.00000	-$0.95	$0.00	$100.00	$0.00	0.00000	$16.83	16.83%	39.39%
2025-07-29	0.00000	0.00099	$118,590.00	$83,656.00	$117.78	100.00%	$117.78	0.00000	$0.88	$0.00	$100.00	$0.00	0.00000	$17.78	17.78%	41.88%
2025-07-28	0.00000	0.00099	$117,702.00	$83,656.00	$116.90	100.00%	$116.90	0.00000	-$0.38	$0.00	$100.00	$0.00	0.00000	$16.90	16.90%	40.06%
2025-07-27	0.00000	0.00099	$118,085.00	$83,656.00	$117.28	100.00%	$117.28	0.00000	$0.12	$0.00	$100.00	$0.00	0.00000	$17.28	17.28%	41.23%
2025-07-26	0.00000	0.00099	$117,964.00	$83,656.00	$117.16	100.00%	$117.16	0.00000	$1.82	$0.00	$100.00	$0.00	0.00000	$17.16	17.16%	41.21%
2025-07-25	0.00000	0.00099	$116,127.00	$83,656.00	$115.34	100.00%	$115.34	0.00000	-$2.43	$0.00	$100.00	$0.00	0.00000	$15.34	15.34%	37.07%
2025-07-24	0.00000	0.00099	$118,576.00	$83,656.00	$117.77	100.00%	$117.77	0.00000	$0.56	$0.00	$100.00	$0.00	0.00000	$17.77	17.77%	43.24%
2025-07-23	0.00000	0.00099	$118,015.00	$83,656.00	$117.21	100.00%	$117.21	0.00000	-$1.15	$0.00	$100.00	$0.00	0.00000	$17.21	17.21%	42.16%
2025-07-22	0.00000	0.00099	$119,171.00	$83,656.00	$118.36	100.00%	$118.36	0.00000	$0.93	$0.00	$100.00	$0.00	0.00000	$18.36	18.36%	45.28%
2025-07-21	0.00000	0.00099	$118,234.00	$83,656.00	$117.43	100.00%	$117.43	0.00000	$0.25	$0.00	$100.00	$0.00	0.00000	$17.43	17.43%	43.28%
2025-07-20	0.00000	0.00099	$117,982.00	$83,656.00	$117.18	100.00%	$117.18	0.00000	-$0.28	$0.00	$100.00	$0.00	0.00000	$17.18	17.18%	42.95%
2025-07-19	0.00000	0.00099	$118,265.00	$83,656.00	$117.46	100.00%	$117.46	0.00000	$0.33	$0.00	$100.00	$0.00	0.00000	$17.46	17.46%	43.95%
2025-07-18	0.00000	0.00099	$117,935.00	$83,656.00	$117.13	100.00%	$117.13	0.00000	$0.05	$0.00	$100.00	$0.00	0.00000	$17.13	17.13%	43.43%
2025-07-17	0.00000	0.00099	$117,882.00	$83,656.00	$117.08	100.00%	$117.08	0.00000	-$0.84	$0.00	$100.00	$0.00	0.00000	$17.08	17.08%	43.60%
2025-07-16	0.00000	0.00099	$118,727.00	$83,656.00	$117.92	100.00%	$117.92	0.00000	$1.64	$0.00	$100.00	$0.00	0.00000	$17.92	17.92%	46.06%
2025-07-15	0.00000	0.00099	$117,073.00	$83,656.00	$116.28	100.00%	$116.28	0.00000	-$4.61	$0.00	$100.00	$0.00	0.00000	$16.28	16.28%	42.14%
2025-07-14	0.00000	0.00099	$121,719.00	$83,656.00	$120.89	100.00%	$120.89	0.00000	$3.37	$0.00	$100.00	$0.00	0.00000	$20.89	20.89%	54.47%
2025-07-13	0.00000	0.00099	$118,326.00	$83,656.00	$117.52	100.00%	$117.52	0.00000	$0.84	$0.00	$100.00	$0.00	0.00000	$17.52	17.52%	46.01%
2025-07-12	0.00000	0.00099	$117,476.00	$83,656.00	$116.68	100.00%	$116.68	0.00000	-$0.50	$0.00	$100.00	$0.00	0.00000	$16.68	16.68%	44.11%
2025-07-11	0.00000	0.00099	$117,978.00	$83,656.00	$117.18	100.00%	$117.18	0.00000	$7.04	$0.00	$100.00	$0.00	0.00000	$17.18	17.18%	45.76%
2025-07-10	0.00000	0.00099	$110,888.00	$83,656.00	$110.13	100.00%	$110.13	0.00000	$1.36	$0.00	$100.00	$0.00	0.00000	$10.13	10.13%	27.20%
2025-07-09	0.00000	0.00099	$109,514.00	$83,656.00	$108.77	100.00%	$108.77	0.00000	$0.64	$0.00	$100.00	$0.00	0.00000	$8.77	8.77%	23.71%
2025-07-08	0.00000	0.00099	$108,871.00	$83,656.00	$108.13	100.00%	$108.13	0.00000	$0.68	$0.00	$100.00	$0.00	0.00000	$8.13	8.13%	22.15%
2025-07-07	0.00000	0.00099	$108,189.00	$83,656.00	$107.45	100.00%	$107.45	0.00000	$0.00	$0.00	$100.00	$0.00	0.00000	$7.45	7.45%	20.45%
2025-07-06	0.00000	0.00099	$108,189.00	$83,656.00	$107.45	100.00%	$107.45	0.00000	-$0.01	$0.00	$100.00	$0.00	0.00000	$7.45	7.45%	20.61%
2025-07-05	0.00000	0.00099	$108,200.00	$83,656.00	$107.46	100.00%	$107.46	0.00000	-$0.65	$0.00	$100.00	$0.00	0.00000	$7.46	7.46%	20.80%
2025-07-04	0.00000	0.00099	$108,859.00	$83,656.00	$108.12	100.00%	$108.12	0.00000	-$0.04	$0.00	$100.00	$0.00	0.00000	$8.12	8.12%	22.79%
2025-07-03	0.00000	0.00099	$108,896.00	$83,656.00	$108.16	100.00%	$108.16	0.00000	$1.31	$0.00	$100.00	$0.00	0.00000	$8.16	8.16%	23.08%
2025-07-02	0.00000	0.00099	$107,582.00	$83,656.00	$106.85	100.00%	$106.85	0.00000	$0.92	$0.00	$100.00	$0.00	0.00000	$6.85	6.85%	19.53%
2025-07-01	0.00000	0.00099	$106,658.00	$83,656.00	$105.93	100.00%	$105.93	0.00000	-$1.08	$0.00	$100.00	$0.00	0.00000	$5.93	5.93%	17.05%
2025-06-30	0.00000	0.00099	$107,744.00	$83,656.00	$107.01	100.00%	$107.01	0.00000	-$0.49	$0.00	$100.00	$0.00	0.00000	$7.01	7.01%	20.31%
2025-06-29	0.00000	0.00099	$108,237.00	$83,656.00	$107.50	100.00%	$107.50	0.00000	$0.88	$0.00	$100.00	$0.00	0.00000	$7.50	7.50%	21.90%
2025-06-28	0.00000	0.00099	$107,354.00	$83,656.00	$106.62	100.00%	$106.62	0.00000	$0.60	$0.00	$100.00	$0.00	0.00000	$6.62	6.62%	19.50%
2025-06-27	0.00000	0.00099	$106,746.00	$83,656.00	$106.02	100.00%	$106.02	0.00000	-$0.63	$0.00	$100.00	$0.00	0.00000	$6.02	6.02%	17.86%
2025-06-26	0.00000	0.00099	$107,377.00	$83,656.00	$106.65	100.00%	$106.65	0.00000	-$0.02	$0.00	$100.00	$0.00	0.00000	$6.65	6.65%	19.89%
2025-06-25	0.00000	0.00099	$107,394.00	$83,656.00	$106.66	100.00%	$106.66	0.00000	$2.28	$0.00	$100.00	$0.00	0.00000	$6.66	6.66%	20.10%
2025-06-24	0.00000	0.00099	$105,096.00	$83,656.00	$104.38	100.00%	$104.38	0.00000	$3.59	$0.00	$100.00	$0.00	0.00000	$4.38	4.38%	13.33%
2025-06-23	0.00000	0.00099	$101,478.00	$83,656.00	$100.79	100.00%	$100.79	0.00000	-$1.20	$0.00	$100.00	$0.00	0.00000	$0.79	0.79%	2.42%
2025-06-22	0.00000	0.00099	$102,688.00	$83,656.00	$101.99	100.00%	$101.99	0.00000	-$1.23	$0.00	$100.00	$0.00	0.00000	$1.99	1.99%	6.15%
2025-06-21	0.00000	0.00099	$103,925.00	$83,656.00	$103.22	100.00%	$103.22	0.00000	-$0.29	$0.00	$100.00	$0.00	0.00000	$3.22	3.22%	10.04%
2025-06-20	0.00000	0.00099	$104,214.00	$83,656.00	$103.51	100.00%	$103.51	0.00000	-$0.42	$0.00	$100.00	$0.00	0.00000	$3.51	3.51%	11.03%
2025-06-19	0.00000	0.00099	$104,640.00	$83,656.00	$103.93	100.00%	$103.93	0.00000	-$0.13	$0.00	$100.00	$0.00	0.00000	$3.93	3.93%	12.47%
2025-06-18	0.00000	0.00099	$104,767.00	$83,656.00	$104.05	100.00%	$104.05	0.00000	-$1.02	$0.00	$100.00	$0.00	0.00000	$4.05	4.05%	12.98%
2025-06-17	0.00000	0.00099	$105,791.00	$83,656.00	$105.07	100.00%	$105.07	0.00000	-$1.73	$0.00	$100.00	$0.00	0.00000	$5.07	5.07%	16.38%
2025-06-16	0.00000	0.00099	$107,530.00	$83,656.00	$106.80	100.00%	$106.80	0.00000	$2.38	$0.00	$100.00	$0.00	0.00000	$6.80	6.80%	22.16%
2025-06-15	0.00000	0.00099	$105,135.00	$83,656.00	$104.42	100.00%	$104.42	0.00000	$0.09	$0.00	$100.00	$0.00	0.00000	$4.42	4.42%	14.53%
2025-06-14	0.00000	0.00099	$105,043.00	$83,656.00	$104.33	100.00%	$104.33	0.00000	-$0.53	$0.00	$100.00	$0.00	0.00000	$4.33	4.33%	14.36%
2025-06-13	0.00000	0.00099	$105,581.00	$83,656.00	$104.86	100.00%	$104.86	0.00000	-$1.41	$0.00	$100.00	$0.00	0.00000	$4.86	4.86%	16.28%
2025-06-12	0.00000	0.00099	$107,003.00	$83,656.00	$106.28	100.00%	$106.28	0.00000	-$2.21	$0.00	$100.00	$0.00	0.00000	$6.28	6.28%	21.21%
2025-06-11	0.00000	0.00099	$109,230.00	$83,656.00	$108.49	100.00%	$108.49	0.00000	-$0.31	$0.00	$100.00	$0.00	0.00000	$8.49	8.49%	28.95%
2025-06-10	0.00000	0.00099	$109,547.00	$83,656.00	$108.80	100.00%	$108.80	0.00000	$1.84	$0.00	$100.00	$0.00	0.00000	$8.80	8.80%	30.31%
2025-06-09	0.00000	0.00099	$107,695.00	$83,656.00	$106.96	100.00%	$106.96	0.00000	$2.06	$0.00	$100.00	$0.00	0.00000	$6.96	6.96%	24.20%
2025-06-08	0.00000	0.00099	$105,619.00	$83,656.00	$104.90	100.00%	$104.90	0.00000	$0.38	$0.00	$100.00	$0.00	0.00000	$4.90	4.90%	17.20%
2025-06-07	0.00000	0.00099	$105,236.00	$83,656.00	$104.52	100.00%	$104.52	0.00000	$1.24	$0.00	$100.00	$0.00	0.00000	$4.52	4.52%	16.02%
2025-06-06	0.00000	0.00099	$103,992.00	$83,656.00	$103.28	100.00%	$103.28	0.00000	-$0.85	$0.00	$100.00	$0.00	0.00000	$3.28	3.28%	11.75%
2025-06-05	0.00000	0.00099	$104,851.00	$83,656.00	$104.14	100.00%	$104.14	0.00000	-$0.16	$0.00	$100.00	$0.00	0.00000	$4.14	4.14%	14.95%
2025-06-04	0.00000	0.00099	$105,013.00	$83,656.00	$104.30	100.00%	$104.30	0.00000	-$0.36	$0.00	$100.00	$0.00	0.00000	$4.30	4.30%	15.69%
2025-06-03	0.00000	0.00099	$105,373.00	$83,656.00	$104.66	100.00%	$104.66	0.00000	$1.22	$0.00	$100.00	$0.00	0.00000	$4.66	4.66%	17.17%
2025-06-02	0.00000	0.00099	$104,142.00	$83,656.00	$103.43	100.00%	$103.43	0.00000	$0.01	$0.00	$100.00	$0.00	0.00000	$3.43	3.43%	12.79%
2025-06-01	0.00000	0.00099	$104,128.00	$83,656.00	$103.42	100.00%	$103.42	0.00000	$0.00	$0.00	$100.00	$0.00	0.00000	$3.42	3.42%	12.87%
2025-05-31	0.00000	0.00099	$104,133.00	$83,656.00	$103.42	100.00%	$103.42	0.00000	-$1.57	$0.00	$100.00	$0.00	0.00000	$3.42	3.42%	13.02%
2025-05-30	0.00000	0.00099	$105,712.00	$83,656.00	$104.99	100.00%	$104.99	0.00000	-$1.24	$0.00	$100.00	$0.00	0.00000	$4.99	4.99%	19.18%
2025-05-29	0.00000	0.00099	$106,960.00	$83,656.00	$106.23	100.00%	$106.23	0.00000	-$1.89	$0.00	$100.00	$0.00	0.00000	$6.23	6.23%	24.20%
2025-05-28	0.00000	0.00099	$108,865.00	$83,656.00	$108.12	100.00%	$108.12	0.00000	-$1.51	$0.00	$100.00	$0.00	0.00000	$8.12	8.12%	31.89%
2025-05-27	0.00000	0.00099	$110,383.00	$85,667.00	$109.63	100.00%	$109.63	0.00000	$0.57	$0.00	$100.00	$0.00	0.00000	$9.63	9.63%	38.22%
2025-05-26	0.00000	0.00099	$109,805.00	$86,356.00	$109.06	100.00%	$109.06	0.00000	$2.29	$0.00	$100.00	$0.00	0.00000	$9.06	9.06%	36.33%
2025-05-25	-0.42007	0.00099	$107,501.00	$85,971.75	$106.77	100.00%	$106.77	-0.42007	-$45,727.73	-$35,900.00	$100.00	$0.00	0.00000	$6.77	6.77%	27.46%
2025-05-24	0.00000	0.42106	$108,855.00	$85,602.60	$45,834.50	100.00%	$45,834.50	0.00000	-$397.90	$0.00	$36,000.00	$0.00	0.00000	$9,834.50	27.32%	112.03%
2025-05-23	0.00000	0.42106	$109,800.00	$85,365.83	$46,232.40	100.00%	$46,232.40	0.00000	-$586.12	$0.00	$36,000.00	$0.00	0.00000	$10,232.40	28.42%	117.89%
2025-05-22	0.00000	0.42106	$111,192.00	$85,365.83	$46,818.51	100.00%	$46,818.51	0.00000	$1,989.51	$0.00	$36,000.00	$0.00	0.00000	$10,818.51	30.05%	126.08%
2025-05-21	0.00000	0.42106	$106,467.00	$85,210.29	$44,829.01	100.00%	$44,829.01	0.00000	$548.22	$0.00	$36,000.00	$0.00	0.00000	$8,829.01	24.53%	104.09%
2025-05-20	0.00000	0.42106	$105,165.00	$84,881.00	$44,280.79	100.00%	$44,280.79	0.00000	$1,144.86	$0.00	$36,000.00	$0.00	0.00000	$8,280.79	23.00%	98.77%
2025-05-19	0.00000	0.42106	$102,446.00	$84,729.00	$43,135.92	100.00%	$43,135.92	0.00000	-$583.17	$0.00	$36,000.00	$0.00	0.00000	$7,135.92	19.82%	86.13%
2025-05-18	0.00000	0.42106	$103,831.00	$84,504.30	$43,719.09	100.00%	$43,719.09	0.00000	$351.59	$0.00	$36,000.00	$0.00	0.00000	$7,719.09	21.44%	94.29%
2025-05-17	0.00000	0.42106	$102,996.00	$84,475.73	$43,367.51	100.00%	$43,367.51	0.00000	-$278.32	$0.00	$36,000.00	$0.00	0.00000	$7,367.51	20.47%	91.10%
2025-05-16	0.00000	0.42106	$103,657.00	$84,330.58	$43,645.83	100.00%	$43,645.83	0.00000	$416.43	$0.00	$36,000.00	$0.00	0.00000	$7,645.83	21.24%	95.70%
2025-05-15	0.00000	0.42106	$102,668.00	$84,217.62	$43,229.40	100.00%	$43,229.40	0.00000	-$590.33	$0.00	$36,000.00	$0.00	0.00000	$7,229.40	20.08%	91.62%
2025-05-14	0.00000	0.42106	$104,070.00	$84,162.29	$43,819.72	100.00%	$43,819.72	0.00000	$172.63	$0.00	$36,000.00	$0.00	0.00000	$7,819.72	21.72%	100.36%
2025-05-13	0.00000	0.42106	$103,660.00	$83,929.33	$43,647.09	100.00%	$43,647.09	0.00000	-$168.42	$0.00	$36,000.00	$0.00	0.00000	$7,647.09	21.24%	99.40%
2025-05-12	0.00000	0.42106	$104,060.00	$83,889.56	$43,815.51	100.00%	$43,815.51	0.00000	-$287.16	$0.00	$36,000.00	$0.00	0.00000	$7,815.51	21.71%	102.91%
2025-05-11	0.00000	0.42106	$104,742.00	$83,918.59	$44,102.68	100.00%	$44,102.68	0.00000	$267.37	$0.00	$36,000.00	$0.00	0.00000	$8,102.68	22.51%	108.09%
2025-05-10	0.00000	0.42106	$104,107.00	$84,046.61	$43,835.30	100.00%	$43,835.30	0.00000	$494.75	$0.00	$36,000.00	$0.00	0.00000	$7,835.30	21.76%	105.92%
2025-05-09	0.00000	0.42106	$102,932.00	$84,342.84	$43,340.56	100.00%	$43,340.56	0.00000	$1,464.45	$0.00	$36,000.00	$0.00	0.00000	$7,340.56	20.39%	100.57%
2025-05-08	0.00000	0.42106	$99,454.00	$84,638.55	$41,876.11	100.00%	$41,876.11	0.00000	$1,026.12	$0.00	$36,000.00	$0.00	0.00000	$5,876.11	16.32%	81.61%
2025-05-07	0.00000	0.42106	$97,017.00	$84,834.71	$40,849.99	100.00%	$40,849.99	0.00000	$1,293.50	$0.00	$36,000.00	$0.00	0.00000	$4,849.99	13.47%	68.30%
2025-05-06	0.00000	0.42106	$93,945.00	$84,768.95	$39,556.49	100.00%	$39,556.49	0.00000	-$176.85	$0.00	$36,000.00	$0.00	0.00000	$3,556.49	9.88%	50.79%
2025-05-05	0.00000	0.42106	$94,365.00	$84,820.52	$39,733.34	100.00%	$39,733.34	0.00000	-$464.85	$0.00	$36,000.00	$0.00	0.00000	$3,733.34	10.37%	54.07%
2025-05-04	0.00000	0.42106	$95,469.00	$85,161.21	$40,198.19	100.00%	$40,198.19	0.00000	-$169.27	$0.00	$36,000.00	$0.00	0.00000	$4,198.19	11.66%	61.69%
2025-05-03	0.00000	0.42106	$95,871.00	$85,136.64	$40,367.45	100.00%	$40,367.45	0.00000	-$468.64	$0.00	$36,000.00	$0.00	0.00000	$4,367.45	12.13%	65.12%
2025-05-02	0.00000	0.42106	$96,984.00	$84,980.42	$40,836.09	100.00%	$40,836.09	0.00000	$341.06	$0.00	$36,000.00	$0.00	0.00000	$4,836.09	13.43%	73.18%
2025-05-01	0.00000	0.42106	$96,174.00	$85,027.37	$40,495.03	100.00%	$40,495.03	0.00000	$423.59	$0.00	$36,000.00	$0.00	0.00000	$4,495.03	12.49%	69.05%
2025-04-30	0.00000	0.42106	$95,168.00	$85,123.96	$40,071.45	100.00%	$40,071.45	0.00000	$79.58	$0.00	$36,000.00	$0.00	0.00000	$4,071.45	11.31%	63.51%
2025-04-29	0.00000	0.42106	$94,979.00	$85,123.96	$39,991.87	100.00%	$39,991.87	0.00000	-$151.16	$0.00	$36,000.00	$0.00	0.00000	$3,991.87	11.09%	63.24%
2025-04-28	0.00000	0.42106	$95,338.00	$85,423.07	$40,143.03	100.00%	$40,143.03	0.00000	$611.38	$0.00	$36,000.00	$0.00	0.00000	$4,143.03	11.51%	66.68%
2025-04-27	0.00000	0.42106	$93,886.00	$85,423.07	$39,531.65	100.00%	$39,531.65	0.00000	-$97.26	$0.00	$36,000.00	$0.00	0.00000	$3,531.65	9.81%	57.75%
2025-04-26	0.00000	0.42106	$94,117.00	$85,423.07	$39,628.91	100.00%	$39,628.91	0.00000	-$115.79	$0.00	$36,000.00	$0.00	0.00000	$3,628.91	10.08%	60.32%
2025-04-25	0.00000	0.42106	$94,392.00	$85,423.07	$39,744.70	100.00%	$39,744.70	0.00000	$792.44	$0.00	$36,000.00	$0.00	0.00000	$3,744.70	10.40%	63.28%
2025-04-24	0.00000	0.42106	$92,510.00	$85,423.07	$38,952.27	100.00%	$38,952.27	0.00000	-$502.75	$0.00	$36,000.00	$0.00	0.00000	$2,952.27	8.20%	50.73%
2025-04-23	0.00000	0.42106	$93,704.00	$85,423.07	$39,455.02	100.00%	$39,455.02	0.00000	$2,095.62	$0.00	$36,000.00	$0.00	0.00000	$3,455.02	9.60%	60.40%
2025-04-22	0.00000	0.42106	$88,727.00	$85,423.07	$37,359.40	100.00%	$37,359.40	0.00000	$613.91	$0.00	$36,000.00	$0.00	0.00000	$1,359.40	3.78%	24.18%
2025-04-21	0.00000	0.42106	$87,269.00	$85,423.07	$36,745.49	100.00%	$36,745.49	0.00000	$1,286.76	$0.00	$36,000.00	$0.00	0.00000	$745.49	2.07%	13.50%
2025-04-20	0.00000	0.42106	$84,213.00	$85,423.07	$35,458.73	100.00%	$35,458.73	0.00000	-$419.80	$0.00	$36,000.00	$0.00	0.00000	-$541.27	-1.50%	-9.98%
2025-04-19	0.00000	0.42106	$85,210.00	$85,423.07	$35,878.53	100.00%	$35,878.53	0.00000	$245.06	$0.00	$36,000.00	$0.00	0.00000	-$121.47	-0.34%	-2.28%
2025-04-18	0.00000	0.42106	$84,628.00	$85,423.07	$35,633.47	100.00%	$35,633.47	0.00000	-$66.53	$0.00	$36,000.00	$0.00	0.00000	-$366.53	-1.02%	-7.01%
2025-04-17	0.00000	0.42106	$84,786.00	$85,423.07	$35,700.00	100.00%	$35,700.00	0.00000	$355.37	$0.00	$36,000.00	$0.00	0.00000	-$300.00	-0.83%	-5.85%
2025-04-16	0.00000	0.42106	$83,942.00	$85,423.07	$35,344.63	100.00%	$35,344.63	0.00000	-$962.12	$0.00	$36,000.00	$0.00	0.00000	-$655.37	-1.82%	-13.03%
2025-04-15	0.00000	0.42106	$86,227.00	$85,423.07	$36,306.75	100.00%	$36,306.75	0.00000	$582.33	$0.00	$36,000.00	$0.00	0.00000	$306.75	0.85%	6.22%
2025-04-14	0.00000	0.42106	$84,844.00	$85,423.07	$35,724.42	100.00%	$35,724.42	0.00000	$216.00	$0.00	$36,000.00	$0.00	0.00000	-$275.58	-0.77%	-5.70%
2025-04-13	0.00000	0.42106	$84,331.00	$85,423.07	$35,508.42	100.00%	$35,508.42	0.00000	$284.22	$0.00	$36,000.00	$0.00	0.00000	-$491.58	-1.37%	-10.38%
2025-04-12	0.07133	0.42106	$83,656.00	$85,423.07	$35,224.20	100.00%	$35,224.20	0.07133	$5,913.94	$6,000.00	$36,000.00	$0.00	0.00000	-$775.80	-2.15%	-16.74%
2025-04-11	0.00000	0.34973	$83,809.00	$85,486.18	$29,310.27	100.00%	$29,310.27	0.00000	$640.70	$0.00	$30,000.00	$0.00	0.00000	-$689.73	-2.30%	-18.24%
2025-04-10	0.00000	0.34973	$81,977.00	$85,486.18	$28,669.57	100.00%	$28,669.57	0.00000	$2,041.01	$0.00	$30,000.00	$0.00	0.00000	-$1,330.43	-4.43%	-35.97%
2025-04-09	0.00000	0.34973	$76,141.00	$85,486.18	$26,628.56	100.00%	$26,628.56	0.00000	-$1,240.13	$0.00	$30,000.00	$0.00	0.00000	-$3,371.44	-11.24%	-93.23%
2025-04-08	0.00000	0.34973	$79,687.00	$85,486.18	$27,868.69	100.00%	$27,868.69	0.00000	$480.87	$0.00	$30,000.00	$0.00	0.00000	-$2,131.31	-7.10%	-60.30%
2025-04-07	0.00000	0.34973	$78,312.00	$85,486.18	$27,387.82	100.00%	$27,387.82	0.00000	-$1,575.87	$0.00	$30,000.00	$0.00	0.00000	-$2,612.18	-8.71%	-75.67%
2025-04-06	0.00000	0.34973	$82,818.00	$85,486.18	$28,963.69	100.00%	$28,963.69	0.00000	-$209.14	$0.00	$30,000.00	$0.00	0.00000	-$1,036.31	-3.45%	-30.75%
2025-04-05	0.00000	0.34973	$83,416.00	$85,486.18	$29,172.82	100.00%	$29,172.82	0.00000	$128.35	$0.00	$30,000.00	$0.00	0.00000	-$827.18	-2.76%	-25.16%
2025-04-04	0.00000	0.34973	$83,049.00	$85,486.18	$29,044.47	100.00%	$29,044.47	0.00000	$208.79	$0.00	$30,000.00	$0.00	0.00000	-$955.53	-3.19%	-29.81%
2025-04-03	0.00000	0.34973	$82,452.00	$85,486.18	$28,835.69	100.00%	$28,835.69	0.00000	-$25.88	$0.00	$30,000.00	$0.00	0.00000	-$1,164.31	-3.88%	-37.28%
2025-04-02	0.00000	0.34973	$82,526.00	$85,486.18	$28,861.57	100.00%	$28,861.57	0.00000	-$542.08	$0.00	$30,000.00	$0.00	0.00000	-$1,138.43	-3.79%	-37.44%
2025-04-01	0.00000	0.34973	$84,076.00	$85,486.18	$29,403.64	100.00%	$29,403.64	0.00000	$708.55	$0.00	$30,000.00	$0.00	0.00000	-$596.36	-1.99%	-20.15%
2025-03-31	0.00000	0.34973	$82,050.00	$85,486.18	$28,695.10	100.00%	$28,695.10	0.00000	-$414.43	$0.00	$30,000.00	$0.00	0.00000	-$1,304.90	-4.35%	-45.36%
2025-03-30	0.00000	0.34973	$83,235.00	$85,486.18	$29,109.52	100.00%	$29,109.52	0.00000	$251.10	$0.00	$30,000.00	$0.00	0.00000	-$890.48	-2.97%	-31.87%
2025-03-29	0.00000	0.34973	$82,517.00	$85,486.18	$28,858.42	100.00%	$28,858.42	0.00000	-$939.02	$0.00	$30,000.00	$0.00	0.00000	-$1,141.58	-3.81%	-42.09%
2025-03-28	0.00000	0.34973	$85,202.00	$85,486.18	$29,797.43	100.00%	$29,797.43	0.00000	-$633.71	$0.00	$30,000.00	$0.00	0.00000	-$202.57	-0.68%	-7.70%
2025-03-27	0.00000	0.34973	$87,014.00	$85,486.18	$30,431.14	100.00%	$30,431.14	0.00000	$27.98	$0.00	$30,000.00	$0.00	0.00000	$431.14	1.44%	16.92%
2025-03-26	0.00000	0.34973	$86,934.00	$85,486.18	$30,403.16	100.00%	$30,403.16	0.00000	-$260.20	$0.00	$30,000.00	$0.00	0.00000	$403.16	1.34%	16.35%
2025-03-25	0.01135	0.34973	$87,678.00	$85,486.18	$30,663.36	100.00%	$30,663.36	0.01135	$976.48	$1,000.00	$30,000.00	$0.00	0.00000	$663.36	2.21%	27.83%
2025-03-24	0.01133	0.33837	$87,734.00	$85,405.00	$29,686.88	100.00%	$29,686.88	0.01133	$1,947.11	$2,000.00	$29,000.00	$0.00	0.00000	$686.88	2.37%	30.88%
2025-03-23	0.01168	0.32705	$84,819.00	$85,315.42	$27,739.77	100.00%	$27,739.77	0.01168	$1,208.90	$1,000.00	$27,000.00	$0.00	0.00000	$739.77	2.74%	37.04%
2025-03-22	0.02381	0.31537	$84,126.00	$85,335.28	$26,530.87	100.00%	$26,530.87	0.02381	$1,987.06	$2,000.00	$26,000.00	$0.00	0.00000	$530.87	2.04%	28.66%
2025-03-21	0.01189	0.29156	$84,182.00	$85,385.67	$24,543.82	100.00%	$24,543.82	0.01189	$751.60	$1,000.00	$24,000.00	$0.00	0.00000	$543.82	2.27%	33.08%
2025-03-20	0.00000	0.27967	$85,074.00	$85,438.00	$23,792.22	100.00%	$23,792.22	0.00000	$222.89	$0.00	$23,000.00	$0.00	0.00000	$792.22	3.44%	52.38%
2025-03-19	0.01173	0.27967	$84,277.00	$85,438.00	$23,569.33	100.00%	$23,569.33	0.01173	$1,444.49	$1,000.00	$23,000.00	$0.00	0.00000	$569.33	2.48%	39.28%
2025-03-18	0.01215	0.26793	$82,576.00	$85,490.77	$22,124.84	100.00%	$22,124.84	0.01215	$763.68	$1,000.00	$22,000.00	$0.00	0.00000	$124.84	0.57%	9.41%
2025-03-17	0.01205	0.25578	$83,513.00	$85,629.57	$21,361.16	100.00%	$21,361.16	0.01205	$1,257.81	$1,000.00	$21,000.00	$0.00	0.00000	$361.16	1.72%	29.89%
2025-03-16	0.01212	0.24373	$82,482.00	$85,735.40	$20,103.35	100.00%	$20,103.35	0.01212	$603.67	$1,000.00	$20,000.00	$0.00	0.00000	$103.35	0.52%	9.43%
2025-03-15	0.01187	0.23162	$84,190.00	$85,906.63	$19,499.68	100.00%	$19,499.68	0.01187	$1,319.15	$1,000.00	$19,000.00	$0.00	0.00000	$499.68	2.63%	50.52%
2025-03-14	0.01187	0.21975	$82,734.00	$86,002.00	$18,180.53	100.00%	$18,180.53	0.01187	$955.51	$1,000.00	$18,000.00	$0.00	0.00000	$180.53	1.00%	20.34%
2025-03-13	0.01221	0.20788	$82,862.00	$86,194.24	$17,225.02	100.00%	$17,225.02	0.01221	$898.44	$1,000.00	$17,000.00	$0.00	0.00000	$225.02	1.32%	28.42%
2025-03-12	0.00000	0.19566	$83,443.00	$86,402.50	$16,326.58	100.00%	$16,326.58	0.01234	$1,538.32	$1,000.00	$16,000.00	$0.00	0.00000	$326.58	2.04%	46.56%
2025-03-11	0.01231	0.18332	$80,668.00	$86,599.80	$14,788.26	100.00%	$14,788.26	0.01231	$544.36	$1,000.00	$15,000.00	$0.00	0.00000	-$211.74	-1.41%	-34.35%
2025-03-10	0.01205	0.17101	$83,293.00	$87,023.50	$14,243.90	100.00%	$14,243.90	0.01205	$830.83	$1,000.00	$14,000.00	$0.00	0.00000	$243.90	1.74%	45.42%
2025-03-09	0.01203	0.15895	$84,383.00	$87,310.46	$13,413.07	100.00%	$13,413.07	0.01203	$745.15	$1,000.00	$13,000.00	$0.00	0.00000	$413.07	3.18%	89.21%
2025-03-08	0.01158	0.14692	$86,223.00	$87,554.42	$12,667.92	100.00%	$12,667.92	0.01158	$531.39	$1,000.00	$12,000.00	$0.00	0.00000	$667.92	5.57%	169.30%
2025-03-07	0.01118	0.13534	$89,675.00	$87,675.45	$12,136.53	100.00%	$12,136.53	0.01118	$930.06	$1,000.00	$11,000.00	$0.00	0.00000	$1,136.53	10.33%	342.84%
2025-03-06	0.01097	0.12416	$90,257.00	$87,475.50	$11,206.47	100.00%	$11,206.47	0.01097	$1,159.86	$1,000.00	$10,000.00	$0.00	0.00000	$1,206.47	12.06%	440.36%
2025-03-05	0.01128	0.11319	$88,758.00	$87,166.44	$10,046.61	100.00%	$10,046.61	0.01128	$1,548.61	$1,000.00	$9,000.00	$0.00	0.00000	$1,046.61	11.63%	471.62%
2025-03-04	0.01209	0.10191	$83,388.00	$86,967.50	$8,498.00	100.00%	$8,498.00	0.01209	$777.58	$1,000.00	$8,000.00	$0.00	0.00000	$498.00	6.22%	284.02%
2025-03-03	0.01072	0.08982	$85,955.00	$87,478.86	$7,720.42	100.00%	$7,720.42	0.01072	$364.09	$1,000.00	$7,000.00	$0.00	0.00000	$720.42	10.29%	536.64%
2025-03-02	0.01077	0.07910	$92,997.00	$87,732.83	$7,356.33	100.00%	$7,356.33	0.01077	$1,579.15	$1,000.00	$6,000.00	$0.00	0.00000	$1,356.33	22.61%	1375.17%
2025-03-01	0.01183	0.06833	$84,547.00	$86,680.00	$5,777.18	100.00%	$5,777.18	0.01183	$1,196.09	$1,000.00	$5,000.00	$0.00	0.00000	$777.18	15.54%	1134.69%
2025-02-28	0.01208	0.05650	$81,075.00	$87,213.25	$4,581.09	100.00%	$4,581.09	0.01208	$749.86	$1,000.00	$4,000.00	$0.00	0.00000	$581.09	14.53%	1325.62%
2025-02-27	0.01163	0.04442	$86,248.00	$89,259.33	$3,831.23	100.00%	$3,831.23	0.01163	$954.71	$1,000.00	$3,000.00	$0.00	0.00000	$831.23	27.71%	3371.10%
2025-02-26	0.01155	0.03279	$87,732.00	$90,765.00	$2,876.52	100.00%	$2,876.52	0.01155	$984.86	$1,000.00	$2,000.00	$0.00	0.00000	$876.52	43.83%	7998.24%
2025-02-25	0.01110	0.02124	$89,053.00	$93,798.00	$1,891.66	100.00%	$1,891.66	0.00000	-$48.11	$0.00	$1,000.00	$0.00	0.00000	$891.66	89.17%	32545.63%
2025-02-24	0.01014	0.01014	$93,798.00	$93,798.00	$951.07	100.00%	$951.07	0.00000	$951.07	$1,000.00	$1,000.00	$0.00	0.00000	-$48.93	-4.89%	n/a
